#! FIELDS T <E> dE <E^2> d(E^2)
0.1 0.28182363481837147 0.14556420508231407 0.36960834665063735 0.06636372510324275
0.2 0.69699895014492 0.18197143563917031 1.1933218037090816 0.23615523563310897
0.3 1.9499850777602497 0.08447704744935546 4.54940527147739 0.28705312528373395
0.4 2.769247670037506 0.03985581647396527 8.847944189897213 0.21195482903700155
0.5 3.4932525139199293 0.02329510031217148 13.959999791987954 0.17153415845204784
0.6 4.220081228338652 0.032815216185700206 20.39688489904254 0.31935346306136153
0.7 4.887256270697409 0.03218816323061544 27.34096688737575 0.378864796365392
0.8 5.642193524844087 0.044702561126902345 36.31046621186796 0.5844257869266658
0.9 6.3577119439026095 0.042791865463320436 46.11062790162144 0.6302042884653211
1.0 6.975785088479652 0.04791438442609067 55.696061265094286 0.7948178877262152
